LINK_INFO_ELEMENTS = ['Time', 'Strand Name', 'Link Name', 'Beam ID', 'Xmtr Beam ID', 'Xmtr Power',
                      'Xmtr Azimuth', 'Xmtr Elevation', 'Xmtr Gain', 'EIRP', 'Xmtr EIRP Intensity',
                      'Range', 'Free Space Loss', 'Atmos Loss', 'UrbanTerres Loss', 'Rain Loss',
                      'CloudsFog Loss', 'TropoScintill Loss', 'IonoFading Loss', 'UserCustomA Loss',
                      'UserCustomB Loss', 'UserCustomC Loss', 'Prop Loss', 'Rcvd. Frequency',
                      'Freq. Doppler Shift', 'Bandwidth Overlap', 'Rcvd. Iso. Power', 'Carrier Power at Rcvr Input',
                      'Flux Density', 'Rcvr Azimuth', 'Rcvr Elevation', 'Rcvr Beam ID', 'Tatmos',
                      'TUrbanTerres', 'Train', 'TcloudsFog', 'TtropoScintill', 'TionoFading',
                      'Pol. Rel. Angle', 'Polarization Effic', 'g/T', 'C/No', 'Bandwidth',
                      'C/N', 'Eb/No', 'BER', 'log(BER)', 'Link Margin', 'Link Margin Type',
                      'Link Margin Value', 'Propagation Delay', 'Propagation Distance', 'Spectral Flux Density']

WalkerStarConnectivity = [[0., 14.15417153, 0., 0., 0., 0.,
                           0., 0., 0.],
                          [14.15417153, 0., 14.15366196, 13.52495064, 0., 0.,
                           0., 0., 0.],
                          [0., 14.15366196, 0., 14.15393022, 13.52706177, 0.,
                           0., 0., 0.],
                          [0., 13.52495064, 14.15393022, 0., 14.15496467, 13.5315518,
                           0., 0., 0.],
                          [0., 0., 13.52706177, 14.15496467, 0., 14.15674114,
                           13.53801804, 0., 0.],
                          [0., 0., 0., 13.5315518, 14.15674114, 0.,
                           14.15922446, 13.54603319, 0.],
                          [0., 0., 0., 0., 13.53801804, 14.15922446,
                           0., 14.16236968, 13.55530994],
                          [0., 0., 0., 0., 0., 13.54603319,
                           14.16236968, 0., 14.16612297],
                          [0., 0., 0., 0., 0., 0.,
                           13.55530994, 14.16612297, 0.]]

print(WalkerStarConnectivity)
